14718091
19325877
21067570
23982071
24159468
24393536
25153194
25450797
25505462
26357666
26488727
26793179
27191712
27577999
27638945
27690121
27893790
28273168
28400528
28579984
28717172
28962020
29253242
29326662
29404415
29547094
29681898
29887848
30061868
30065703
30459746
30519062
30576392
30804676
30875398
31010813
31477712
31527041
31694895
31730615
31736013
31839709
31860667
31955713
32011233
32408565
32668585
32706832
32764996
32807239
32814972
32843551
33097713
33227907
33238406
33246485
33285499
33321688
33353175
33796088
33945454
34013864
34060914
34220749
34248872
34463568
34551677
34589061
34745054
34860151
34959593
35018102
35069492
35086435
35127562
35184552
35196805
35311521
35481835
35638817
35678576
35766499
35816554
35848785
35862973
36036505
36305334
36935372
37125917
37287125
37345941
37358443
37610183
37662974
37695298
37877547
37961251
38078757
38288762
38305674
38305703
38482359
38525761
38598696
38686215
38709811
39296292
39611855
39873500
39913260
40067045
40233945
40240992
40423723
40512052
40520176
41891864
42003578
42080560
42294650
