1330820
1656869
1850970
1850972
2168148
2548439
3004446
3050121
7590165
7642493
7830580
7840592
8092823
8383113
8384814
8392306
8524852
8540700
8759860
8779354
8807076
8834879
8834907
8849244
8851598
8891148
8913454
8980760
8980775
9593127
9687412
9756773
9988045
10223929
10428935
10590273
10639355
10681322
10799008
11083635
11102350
11158736
11302820
11310803
11451695
11451702
11699598
11850260
12069978
12121947
12121955
12183233
12384339
12384345
12493783
12523629
12529019
12534469
12654733
12693936
12705680
12727072
12760900
12791845
12820799
14506034
14506050
14510643
14526032
14614066
14638505
14679195
14706091
15078520
15081418
15105137
15282231
15387820
15673729
15848289
15855492
15855496
15917569
15980345
16048983
16189114
16251318
16553723
16940070
17000747
17005822
17517841
17576828
18031331
18305127
18394970
18443112
18474583
18480338
18500921
18541727
18544599
18644952
18761689
19104017
19121669
19140738
19218407
19364867
19528270
19663916
19778917
19818865
20194693
20226332
20511367
20606072
20638608
20660684
20704258
20805396
20855724
20956585
21135211
21149619
21349983
21497062
21514798
21646482
21899450
21968359
21996946
21998414
22106224
22155830
22321998
22361457
22389455
22508299
22644028
22664970
22821356
22908175
23045355
23114757
23114777
23183436
23233485
23274661
23459479
23459488
23507277
23587946
23643392
23749979
23812239
23836170
23877693
23887866
23959318
23997018
24145539
24247145
24349887
24379204
24412662
24480551
24809861
24867982
24914122
24957825
24994873
25022583
25150146
25182487
25182649
25193085
25264127
25348531
25385117
25634992
25691646
25733503
25737552
25769786
26060280
26124155
26200029
26324273
26364847
26416862
26454536
26552976
26683630
26729493
26834162
27060003
27067316
27139485
27175500
27353469
27381389
27391421
27530834
27559761
27572404
27600049
27620866
27630841
27645385
27736752
27842877
28072422
28115347
28264855
28392440
28483950
28507116
28630206
28739787
28874377
29038088
29061754
29084741
29091182
29127051
29133559
29195768
29287710
29394337
29437613
29530852
29617860
29621592
29878213
29914952
30145620
30177740
30189050
30247546
30247587
30256166
30268919
30496417
30543320
30664925
30863849
30879978
31235623
31355848
31451499
31513705
31570397
31627025
31633764
31685471
31730160
31794931
31811916
31873741
31988095
31996443
32058026
32071060
32457105
32660986
32712659
32988825
33122095
33588015
33775602
33875431
33877914
33900407
34060900
34151961
34460299
34568905
34609499
34694881
35618210
35704614
35920875
35995672
36735316
36758676
36864015
36918743
36949027
37195180
37352110
37823665
37874301
37906281
38193668
38219758
38289725
38501355
38661186
38954914
39665271
39887238
40334841
40391708
40780590
